Some((
    red: 0.13609117,
    green: 0.14358346,
    blue: 0.19602948,
    alpha: 1.0,
))