Some((
    red: 0.1254902,
    green: 0.1254902,
    blue: 0.21176471,
    alpha: 1.0,
))