Some((
    red: 0.5417326,
    green: 0.5417326,
    blue: 0.5417326,
))